e: 0.1107461286
a: 0.0945565462
n: 0.0847020178
t: 0.0847020178
i: 0.0800093853
s: 0.0729704364
o: 0.0668700141
r: 0.0553730643
l: 0.0431722196
c: 0.0422336931
d: 0.0358986391
h: 0.0337869545
m: 0.0295635852
u: 0.0279211638
g: 0.024636321
p: 0.0218207414
f: 0.0166588456
v: 0.0133740028
y: 0.0131393712
b: 0.0086813702
w: 0.0061004223
L: 0.0049272642
P: 0.0046926326
N: 0.0044580009
T: 0.0035194744
k: 0.0028155795
x: 0.0023463163
A: 0.001877053
z: 0.001877053
q: 0.0011731581
I: 0.0009385265
S: 0.0007038949
D: 0.0007038949
O: 0.0004692633
G: 0.0004692633
F: 0.0004692633
B: 0.0004692633
W: 0.0004692633
E: 0.0004692633
M: 0.0002346316
wordLength3: 0.1869031378
wordLength2: 0.1350613915
wordLength7: 0.1200545703
wordLength4: 0.1091405184
wordLength8: 0.0968622101
wordLength10: 0.070941337
wordLength5: 0.068212824
wordLength9: 0.0654843111
wordLength6: 0.0477489768
wordLength11: 0.0381991814
wordLength12: 0.0259208731
wordLength1: 0.0163710778
wordLength13: 0.0109140518
wordLength14: 0.0068212824
wordLength15: 0.0013642565
